5, 0, 0
4.98401, 0, 0.399573
4.93614, 0, 0.796591
4.85669, 0, 1.18851
4.74618, 0, 1.57283
4.6053, 0, 1.94709
4.43497, 0, 2.3089
4.23628, 0, 2.65593
4.01048, 0, 2.98598
3.75903, 0, 3.29692
3.48353, 0, 3.58678
3.18576, 0, 3.85369
2.8676, 0, 4.09596
2.5311, 0, 4.31202
2.17841, 0, 4.5005
1.81179, 0, 4.6602
1.43358, 0, 4.79008
1.04619, 0, 4.88932
0.652118, 0, 4.95729
0.253871, 0, 4.99355
-0.145999, 0, 4.99787
-0.544935, 0, 4.97022
-0.940386, 0, 4.91077
-1.32982, 0, 4.81991
-1.71075, 0, 4.69823
-2.08074, 0, 4.54649
-2.43741, 0, 4.36566
-2.7785, 0, 4.15692
-3.10181, 0, 3.92158
-3.40528, 0, 3.66116
-3.68697, 0, 3.37732
-3.94507, 0, 3.07187
-4.17794, 0, 2.74678
-4.38409, 0, 2.40411
-4.56219, 0, 2.04607
-4.71111, 0, 1.67494
-4.8299, 0, 1.2931
-4.91779, 0, 0.902983
-4.97422, 0, 0.507092
-4.99883, 0, 0.107958
-4.99147, 0, -0.291867
-4.95219, 0, -0.689826
-4.88122, 0, -1.08337
-4.77903, 0, -1.46999
-4.64627, 0, -1.8472
-4.48379, 0, -2.2126
-4.29263, 0, -2.56384
-4.07402, 0, -2.89869
-3.82934, 0, -3.21499
-3.56017, 0, -3.51073
-3.26822, 0, -3.78401
-2.95537, 0, -4.03308
-2.62362, 0, -4.25636
-2.27508, 0, -4.45242
-1.91199, 0, -4.61999
-1.53667, 0, -4.75801
-1.15152, 0, -4.86559
-0.759009, 0, -4.94205
-0.361639, 0, -4.9869
0.0380441, 0, -4.99986
0.437484, 0, -4.98082
0.834125, 0, -4.92993
1.22543, 0, -4.84751
1.6089, 0, -4.73407
1.98207, 0, -4.59036
2.34257, 0, -4.41728
2.68808, 0, -4.21595
3.0164, 0, -3.98764
3.32543, 0, -3.73384
3.61318, 0, -3.45614
3.87782, 0, -3.15634
4.11766, 0, -2.83636
4.33115, 0, -2.49822
4.51694, 0, -2.14411
4.67384, 0, -1.77628
4.80085, 0, -1.39709
4.89714, 0, -1.00897
4.96211, 0, -0.614387
4.99534, 0, -0.215877
4.92211, 0.552711, 0
4.90637, 0.552711, 0.393349
4.85924, 0.552711, 0.784182
4.78103, 0.552711, 1.17
4.67224, 0.552711, 1.54833
4.53356, 0.552711, 1.91676
4.36589, 0.552711, 2.27293
4.17028, 0.552711, 2.61456
3.948, 0.552711, 2.93946
3.70047, 0.552711, 3.24556
3.42927, 0.552711, 3.53091
3.13613, 0.552711, 3.79366
2.82293, 0.552711, 4.03215
2.49167, 0.552711, 4.24485
2.14448, 0.552711, 4.43039
1.78356, 0.552711, 4.5876
1.41124, 0.552711, 4.71546
1.0299, 0.552711, 4.81316
0.641959, 0.552711, 4.88007
0.249917, 0.552711, 4.91576
-0.143725, 0.552711, 4.92001
-0.536446, 0.552711, 4.89279
-0.925737, 0.552711, 4.83427
-1.30911, 0.552711, 4.74483
-1.6841, 0.552711, 4.62504
-2.04832, 0.552711, 4.47566
-2.39944, 0.552711, 4.29766
-2.73521, 0.552711, 4.09216
-3.05349, 0.552711, 3.86049
-3.35223, 0.552711, 3.60412
-3.62953, 0.552711, 3.3247
-3.88362, 0.552711, 3.02402
-4.11286, 0.552711, 2.70399
-4.31579, 0.552711, 2.36666
-4.49112, 0.552711, 2.0142
-4.63772, 0.552711, 1.64885
-4.75466, 0.552711, 1.27295
-4.84118, 0.552711, 0.888917
-4.89673, 0.552711, 0.499193
-4.92096, 0.552711, 0.106276
-4.91372, 0.552711, -0.287321
-4.87504, 0.552711, -0.67908
-4.80518, 0.552711, -1.06649
-4.70458, 0.552711, -1.44709
-4.57389, 0.552711, -1.81842
-4.41395, 0.552711, -2.17813
-4.22577, 0.552711, -2.5239
-4.01055, 0.552711, -2.85353
-3.76969, 0.552711, -3.16491
-3.50471, 0.552711, -3.45604
-3.21731, 0.552711, -3.72506
-2.90934, 0.552711, -3.97026
-2.58275, 0.552711, -4.19006
-2.23964, 0.552711, -4.38306
-1.88221, 0.552711, -4.54802
-1.51274, 0.552711, -4.68389
-1.13359, 0.552711, -4.7898
-0.747185, 0.552711, -4.86507
-0.356005, 0.552711, -4.90922
0.0374515, 0.552711, -4.92197
0.430669, 0.552711, -4.90323
0.821132, 0.552711, -4.85314
1.20634, 0.552711, -4.77199
1.58384, 0.552711, -4.66033
1.9512, 0.552711, -4.51885
2.30608, 0.552711, -4.34847
2.64621, 0.552711, -4.15027
2.96941, 0.552711, -3.92553
3.27362, 0.552711, -3.67567
3.55689, 0.552711, -3.40231
3.81741, 0.552711, -3.10718
4.05351, 0.552711, -2.79217
4.26368, 0.552711, -2.45931
4.44658, 0.552711, -2.11071
4.60104, 0.552711, -1.74861
4.72606, 0.552711, -1.37533
4.82085, 0.552711, -0.99325
4.88481, 0.552711, -0.604816
4.91752, 0.552711, -0.212514
4.69451, 1.06237, 0
4.6795, 1.06237, 0.37516
4.63455, 1.06237, 0.747921
4.55996, 1.06237, 1.1159
4.4562, 1.06237, 1.47674
4.32393, 1.06237, 1.82813
4.16401, 1.06237, 2.16783
3.97745, 1.06237, 2.49366
3.76545, 1.06237, 2.80354
3.52936, 1.06237, 3.09549
3.2707, 1.06237, 3.36764
2.99111, 1.06237, 3.61824
2.6924, 1.06237, 3.8457
2.37646, 1.06237, 4.04857
2.04532, 1.06237, 4.22553
1.70109, 1.06237, 4.37547
1.34599, 1.06237, 4.49742
0.982272, 1.06237, 4.5906
0.612275, 1.06237, 4.65441
0.23836, 1.06237, 4.68846
-0.137079, 1.06237, 4.69251
-0.511641, 1.06237, 4.66655
-0.88293, 1.06237, 4.61073
-1.24857, 1.06237, 4.52543
-1.60623, 1.06237, 4.41117
-1.95361, 1.06237, 4.26871
-2.28849, 1.06237, 4.09893
-2.60874, 1.06237, 3.90294
-2.91229, 1.06237, 3.68198
-3.19722, 1.06237, 3.43747
-3.4617, 1.06237, 3.17097
-3.70404, 1.06237, 2.88419
-3.92268, 1.06237, 2.57896
-4.11623, 1.06237, 2.25723
-4.28345, 1.06237, 1.92106
-4.42327, 1.06237, 1.57261
-4.5348, 1.06237, 1.21409
-4.61732, 1.06237, 0.847813
-4.6703, 1.06237, 0.47611
-4.69342, 1.06237, 0.101362
-4.68651, 1.06237, -0.274035
-4.64962, 1.06237, -0.647679
-4.58299, 1.06237, -1.01718
-4.48704, 1.06237, -1.38017
-4.3624, 1.06237, -1.73434
-4.20984, 1.06237, -2.07741
-4.03036, 1.06237, -2.4072
-3.8251, 1.06237, -2.72158
-3.59538, 1.06237, -3.01856
-3.34265, 1.06237, -3.29623
-3.06854, 1.06237, -3.55281
-2.77481, 1.06237, -3.78667
-2.46332, 1.06237, -3.99631
-2.13608, 1.06237, -4.18038
-1.79517, 1.06237, -4.33772
-1.44279, 1.06237, -4.4673
-1.08117, 1.06237, -4.56832
-0.712635, 1.06237, -4.64011
-0.339544, 1.06237, -4.68222
0.0357197, 1.06237, -4.69437
0.410755, 1.06237, -4.67651
0.783162, 1.06237, -4.62872
1.15056, 1.06237, -4.55133
1.5106, 1.06237, -4.44483
1.86097, 1.06237, -4.3099
2.19945, 1.06237, -4.14739
2.52385, 1.06237, -3.95836
2.83211, 1.06237, -3.74401
3.12225, 1.06237, -3.50571
3.39242, 1.06237, -3.24498
3.64089, 1.06237, -2.9635
3.86608, 1.06237, -2.66306
4.06653, 1.06237, -2.34559
4.24097, 1.06237, -2.01311
4.38828, 1.06237, -1.66776
4.50752, 1.06237, -1.31173
4.59794, 1.06237, -0.947322
4.65893, 1.06237, -0.57685
4.69013, 1.06237, -0.202688
4.33493, 1.48929, 0
4.32106, 1.48929, 0.346424
4.27956, 1.48929, 0.690633
4.21068, 1.48929, 1.03042
4.11486, 1.48929, 1.36362
3.99273, 1.48929, 1.6881
3.84506, 1.48929, 2.00178
3.67279, 1.48929, 2.30265
3.47703, 1.48929, 2.5888
3.25902, 1.48929, 2.85838
3.02017, 1.48929, 3.10969
2.762, 1.48929, 3.3411
2.48617, 1.48929, 3.55113
2.19443, 1.48929, 3.73846
1.88865, 1.48929, 3.90187
1.57079, 1.48929, 4.04032
1.24289, 1.48929, 4.15293
0.907033, 1.48929, 4.23897
0.565376, 1.48929, 4.2979
0.220103, 1.48929, 4.32933
-0.126579, 1.48929, 4.33308
-0.472451, 1.48929, 4.3091
-0.815301, 1.48929, 4.25757
-1.15294, 1.48929, 4.17879
-1.4832, 1.48929, 4.07329
-1.80397, 1.48929, 3.94174
-2.1132, 1.48929, 3.78497
-2.40892, 1.48929, 3.60398
-2.68922, 1.48929, 3.39995
-2.95233, 1.48929, 3.17417
-3.19655, 1.48929, 2.92808
-3.42032, 1.48929, 2.66327
-3.62222, 1.48929, 2.38142
-3.80094, 1.48929, 2.08433
-3.95535, 1.48929, 1.77391
-4.08446, 1.48929, 1.45215
-4.18745, 1.48929, 1.1211
-4.26365, 1.48929, 0.782873
-4.31257, 1.48929, 0.439642
-4.33392, 1.48929, 0.0935978
-4.32753, 1.48929, -0.253045
-4.29347, 1.48929, -0.598069
-4.23195, 1.48929, -0.939267
-4.14335, 1.48929, -1.27446
-4.02825, 1.48929, -1.6015
-3.88738, 1.48929, -1.91829
-3.72165, 1.48929, -2.22281
-3.53211, 1.48929, -2.51312
-3.31998, 1.48929, -2.78735
-3.08661, 1.48929, -3.04375
-2.8335, 1.48929, -3.28068
-2.56226, 1.48929, -3.49662
-2.27464, 1.48929, -3.6902
-1.97246, 1.48929, -3.86018
-1.65767, 1.48929, -4.00546
-1.33227, 1.48929, -4.12512
-0.998354, 1.48929, -4.2184
-0.65805, 1.48929, -4.28469
-0.313536, 1.48929, -4.32357
0.0329837, 1.48929, -4.3348
0.379292, 1.48929, -4.3183
0.723174, 1.48929, -4.27418
1.06243, 1.48929, -4.20272
1.39489, 1.48929, -4.10437
1.71843, 1.48929, -3.97977
2.03098, 1.48929, -3.82972
2.33053, 1.48929, -3.65516
2.61518, 1.48929, -3.45723
2.8831, 1.48929, -3.23718
3.13257, 1.48929, -2.99643
3.36201, 1.48929, -2.7365
3.56995, 1.48929, -2.45908
3.75504, 1.48929, -2.16592
3.91612, 1.48929, -1.85891
4.05215, 1.48929, -1.54001
4.16226, 1.48929, -1.21126
4.24575, 1.48929, -0.87476
4.30207, 1.48929, -0.532665
4.33088, 1.48929, -0.187162
3.87136, 1.8002, 0
3.85898, 1.8002, 0.309379
3.82192, 1.8002, 0.616779
3.7604, 1.8002, 0.920234
3.67484, 1.8002, 1.2178
3.56576, 1.8002, 1.50758
3.43388, 1.8002, 1.78772
3.28003, 1.8002, 2.05642
3.10521, 1.8002, 2.31196
2.91051, 1.8002, 2.55272
2.69721, 1.8002, 2.77715
2.46664, 1.8002, 2.98381
2.22031, 1.8002, 3.17139
1.95976, 1.8002, 3.33868
1.68669, 1.8002, 3.48462
1.40282, 1.8002, 3.60826
1.10998, 1.8002, 3.70883
0.810039, 1.8002, 3.78567
0.504917, 1.8002, 3.8383
0.196566, 1.8002, 3.86637
-0.113043, 1.8002, 3.86971
-0.421929, 1.8002, 3.8483
-0.728115, 1.8002, 3.80228
-1.02964, 1.8002, 3.73193
-1.32459, 1.8002, 3.63771
-1.61106, 1.8002, 3.52022
-1.88722, 1.8002, 3.38022
-2.15132, 1.8002, 3.21859
-2.40165, 1.8002, 3.03637
-2.63662, 1.8002, 2.83473
-2.85472, 1.8002, 2.61496
-3.05456, 1.8002, 2.37847
-3.23487, 1.8002, 2.12676
-3.39448, 1.8002, 1.86144
-3.53238, 1.8002, 1.58422
-3.64769, 1.8002, 1.29686
-3.73966, 1.8002, 1.00121
-3.80771, 1.8002, 0.699156
-3.8514, 1.8002, 0.392628
-3.87046, 1.8002, 0.0835888
-3.86476, 1.8002, -0.225985
-3.83434, 1.8002, -0.534113
-3.7794, 1.8002, -0.838825
-3.70027, 1.8002, -1.13817
-3.59748, 1.8002, -1.43024
-3.47168, 1.8002, -1.71315
-3.32367, 1.8002, -1.98511
-3.1544, 1.8002, -2.24437
-2.96495, 1.8002, -2.48928
-2.75654, 1.8002, -2.71826
-2.5305, 1.8002, -2.92985
-2.28827, 1.8002, -3.12271
-2.0314, 1.8002, -3.29559
-1.76153, 1.8002, -3.44738
-1.4804, 1.8002, -3.57713
-1.1898, 1.8002, -3.684
-0.891594, 1.8002, -3.7673
-0.58768, 1.8002, -3.8265
-0.280007, 1.8002, -3.86123
0.0294566, 1.8002, -3.87125
0.338732, 1.8002, -3.85652
0.645841, 1.8002, -3.81711
0.948818, 1.8002, -3.75329
1.24573, 1.8002, -3.66546
1.53467, 1.8002, -3.55419
1.81379, 1.8002, -3.42018
2.08131, 1.8002, -3.26429
2.33552, 1.8002, -3.08753
2.57479, 1.8002, -2.89101
2.79759, 1.8002, -2.676
3.00249, 1.8002, -2.44387
3.18819, 1.8002, -2.19611
3.35349, 1.8002, -1.93431
3.49735, 1.8002, -1.66013
3.61883, 1.8002, -1.37533
3.71717, 1.8002, -1.08173
3.79172, 1.8002, -0.781216
3.84203, 1.8002, -0.475703
3.86775, 1.8002, -0.167148
3.33993, 1.9709, 0
3.32925, 1.9709, 0.26691
3.29727, 1.9709, 0.532112
3.2442, 1.9709, 0.793911
3.17038, 1.9709, 1.05063
3.07628, 1.9709, 1.30063
2.9625, 1.9709, 1.54231
2.82978, 1.9709, 1.77413
2.67895, 1.9709, 1.99459
2.51098, 1.9709, 2.2023
2.32695, 1.9709, 2.39592
2.12804, 1.9709, 2.57422
1.91552, 1.9709, 2.73605
1.69074, 1.9709, 2.88037
1.45515, 1.9709, 3.00628
1.21025, 1.9709, 3.11295
0.95761, 1.9709, 3.19971
0.698843, 1.9709, 3.266
0.435606, 1.9709, 3.31141
0.169583, 1.9709, 3.33563
-0.0975254, 1.9709, 3.33851
-0.36401, 1.9709, 3.32004
-0.628165, 1.9709, 3.28033
-0.888303, 1.9709, 3.21964
-1.14276, 1.9709, 3.13835
-1.3899, 1.9709, 3.03699
-1.62816, 1.9709, 2.91621
-1.856, 1.9709, 2.77677
-2.07197, 1.9709, 2.61956
-2.27468, 1.9709, 2.4456
-2.46285, 1.9709, 2.256
-2.63526, 1.9709, 2.05197
-2.79081, 1.9709, 1.83481
-2.92851, 1.9709, 1.60592
-3.04748, 1.9709, 1.36675
-3.14696, 1.9709, 1.11884
-3.22631, 1.9709, 0.863773
-3.28502, 1.9709, 0.603181
-3.32271, 1.9709, 0.338731
-3.33916, 1.9709, 0.0721144
-3.33424, 1.9709, -0.194964
-3.30799, 1.9709, -0.460794
-3.26059, 1.9709, -0.723678
-3.19233, 1.9709, -0.981932
-3.10365, 1.9709, -1.23391
-2.99512, 1.9709, -1.47799
-2.86742, 1.9709, -1.71261
-2.72139, 1.9709, -1.93628
-2.55795, 1.9709, -2.14757
-2.37815, 1.9709, -2.34512
-2.18313, 1.9709, -2.52767
-1.97415, 1.9709, -2.69405
-1.75254, 1.9709, -2.84319
-1.51972, 1.9709, -2.97415
-1.27719, 1.9709, -3.08609
-1.02648, 1.9709, -3.17829
-0.769203, 1.9709, -3.25015
-0.507008, 1.9709, -3.30123
-0.24157, 1.9709, -3.33119
0.025413, 1.9709, -3.33984
0.292234, 1.9709, -3.32713
0.557185, 1.9709, -3.29313
0.818572, 1.9709, -3.23807
1.07472, 1.9709, -3.1623
1.324, 1.9709, -3.0663
1.56481, 1.9709, -2.95068
1.79561, 1.9709, -2.8162
2.01492, 1.9709, -2.66369
2.22134, 1.9709, -2.49415
2.41356, 1.9709, -2.30866
2.59033, 1.9709, -2.1084
2.75054, 1.9709, -1.89465
2.89315, 1.9709, -1.66878
3.01726, 1.9709, -1.43224
3.12207, 1.9709, -1.18653
3.2069, 1.9709, -0.93324
3.27123, 1.9709, -0.673977
3.31462, 1.9709, -0.410403
3.33682, 1.9709, -0.144203
2.78203, 1.98809, 0
2.77313, 1.98809, 0.222325
2.74649, 1.98809, 0.443227
2.70229, 1.98809, 0.661295
2.6408, 1.98809, 0.875133
2.56242, 1.98809, 1.08337
2.46764, 1.98809, 1.28468
2.35709, 1.98809, 1.47777
2.23145, 1.98809, 1.66141
2.09154, 1.98809, 1.83443
1.93826, 1.98809, 1.9957
1.77257, 1.98809, 2.14422
1.59555, 1.98809, 2.27901
1.40832, 1.98809, 2.39923
1.21208, 1.98809, 2.5041
1.00809, 1.98809, 2.59296
0.797649, 1.98809, 2.66523
0.582107, 1.98809, 2.72045
0.362842, 1.98809, 2.75826
0.141255, 1.98809, 2.77844
-0.0812346, 1.98809, 2.78084
-0.303205, 1.98809, 2.76545
-0.523236, 1.98809, 2.73238
-0.73992, 1.98809, 2.68183
-0.951871, 1.98809, 2.61412
-1.15773, 1.98809, 2.52969
-1.35619, 1.98809, 2.42908
-1.54597, 1.98809, 2.31293
-1.72586, 1.98809, 2.18199
-1.89472, 1.98809, 2.03709
-2.05145, 1.98809, 1.87916
-2.19506, 1.98809, 1.70921
-2.32463, 1.98809, 1.52832
-2.43933, 1.98809, 1.33766
-2.53843, 1.98809, 1.13845
-2.62129, 1.98809, 0.931947
-2.68738, 1.98809, 0.719487
-2.73628, 1.98809, 0.502425
-2.76768, 1.98809, 0.282149
-2.78138, 1.98809, 0.0600683
-2.77728, 1.98809, -0.162397
-2.75542, 1.98809, -0.383823
-2.71594, 1.98809, -0.602794
-2.65908, 1.98809, -0.817909
-2.58521, 1.98809, -1.02779
-2.49481, 1.98809, -1.2311
-2.38844, 1.98809, -1.42654
-2.2668, 1.98809, -1.61284
-2.13067, 1.98809, -1.78884
-1.9809, 1.98809, -1.95339
-1.81846, 1.98809, -2.10544
-1.64439, 1.98809, -2.24403
-1.4598, 1.98809, -2.36826
-1.26587, 1.98809, -2.47735
-1.06384, 1.98809, -2.57059
-0.855013, 1.98809, -2.64738
-0.640714, 1.98809, -2.70724
-0.422317, 1.98809, -2.74979
-0.201218, 1.98809, -2.77474
0.021168, 1.98809, -2.78195
0.243418, 1.98809, -2.77136
0.464112, 1.98809, -2.74304
0.681836, 1.98809, -2.69718
0.8952, 1.98809, -2.63406
1.10284, 1.98809, -2.5541
1.30342, 1.98809, -2.4578
1.49566, 1.98809, -2.34577
1.67834, 1.98809, -2.21875
1.85029, 1.98809, -2.07753
2.01039, 1.98809, -1.92302
2.15764, 1.98809, -1.75621
2.29109, 1.98809, -1.57816
2.40988, 1.98809, -1.39002
2.51325, 1.98809, -1.19299
2.60055, 1.98809, -0.988333
2.67122, 1.98809, -0.77735
2.7248, 1.98809, -0.561395
2.76094, 1.98809, -0.341848
2.77943, 1.98809, -0.120115
2.2411, 1.85042, 0
2.23393, 1.85042, 0.179097
2.21247, 1.85042, 0.357047
2.17686, 1.85042, 0.532714
2.12733, 1.85042, 0.704974
2.06419, 1.85042, 0.872724
1.98784, 1.85042, 1.03489
1.89878, 1.85042, 1.19044
1.79757, 1.85042, 1.33837
1.68487, 1.85042, 1.47774
1.56139, 1.85042, 1.60766
1.42792, 1.85042, 1.7273
1.28531, 1.85042, 1.83589
1.13449, 1.85042, 1.93273
0.976406, 1.85042, 2.01721
0.812079, 1.85042, 2.08879
0.642556, 1.85042, 2.14701
0.468924, 1.85042, 2.19149
0.292292, 1.85042, 2.22195
0.11379, 1.85042, 2.23821
-0.0654395, 1.85042, 2.24014
-0.244251, 1.85042, 2.22775
-0.421499, 1.85042, 2.2011
-0.596052, 1.85042, 2.16038
-0.766791, 1.85042, 2.10584
-0.932626, 1.85042, 2.03782
-1.0925, 1.85042, 1.95677
-1.24538, 1.85042, 1.86321
-1.39029, 1.85042, 1.75773
-1.52631, 1.85042, 1.641
-1.65257, 1.85042, 1.51378
-1.76826, 1.85042, 1.37687
-1.87264, 1.85042, 1.23116
-1.96503, 1.85042, 1.07757
-2.04486, 1.85042, 0.917089
-2.11161, 1.85042, 0.750741
-2.16485, 1.85042, 0.579592
-2.20425, 1.85042, 0.404735
-2.22954, 1.85042, 0.227289
-2.24057, 1.85042, 0.0483888
-2.23728, 1.85042, -0.130821
-2.21967, 1.85042, -0.309193
-2.18786, 1.85042, -0.485588
-2.14205, 1.85042, -0.658877
-2.08255, 1.85042, -0.827951
-2.00972, 1.85042, -0.991729
-1.92404, 1.85042, -1.14916
-1.82605, 1.85042, -1.29925
-1.71638, 1.85042, -1.44102
-1.59574, 1.85042, -1.57358
-1.46488, 1.85042, -1.69607
-1.32466, 1.85042, -1.80771
-1.17596, 1.85042, -1.90778
-1.01974, 1.85042, -1.99566
-0.856992, 1.85042, -2.07077
-0.688766, 1.85042, -2.13263
-0.516135, 1.85042, -2.18085
-0.340202, 1.85042, -2.21512
-0.162094, 1.85042, -2.23523
0.0170521, 1.85042, -2.24103
0.196089, 1.85042, -2.2325
0.373871, 1.85042, -2.20969
0.549262, 1.85042, -2.17275
0.721139, 1.85042, -2.1219
0.888404, 1.85042, -2.05749
1.04999, 1.85042, -1.97991
1.20485, 1.85042, -1.88967
1.35201, 1.85042, -1.78734
1.49052, 1.85042, -1.67358
1.6195, 1.85042, -1.54911
1.73811, 1.85042, -1.41473
1.84561, 1.85042, -1.27131
1.94131, 1.85042, -1.11975
2.02458, 1.85042, -0.961032
2.09491, 1.85042, -0.796164
2.15183, 1.85042, -0.626204
2.19499, 1.85042, -0.452239
2.22411, 1.85042, -0.27538
2.23901, 1.85042, -0.0967603
1.75928, 1.56863, 0
1.75365, 1.56863, 0.140592
1.73681, 1.56863, 0.280285
1.70885, 1.56863, 0.418185
1.66997, 1.56863, 0.55341
1.6204, 1.56863, 0.685095
1.56047, 1.56863, 0.812397
1.49056, 1.56863, 0.934504
1.41111, 1.56863, 1.05063
1.32263, 1.56863, 1.16004
1.2257, 1.56863, 1.26203
1.12093, 1.56863, 1.35594
1.00898, 1.56863, 1.44118
0.890582, 1.56863, 1.51721
0.766486, 1.56863, 1.58353
0.637487, 1.56863, 1.63971
0.504411, 1.56863, 1.68542
0.368108, 1.56863, 1.72033
0.229451, 1.56863, 1.74425
0.089326, 1.56863, 1.75701
-0.0513705, 1.56863, 1.75853
-0.191738, 1.56863, 1.7488
-0.33088, 1.56863, 1.72788
-0.467905, 1.56863, 1.69591
-0.601937, 1.56863, 1.6531
-0.732118, 1.56863, 1.59971
-0.857617, 1.56863, 1.53608
-0.977629, 1.56863, 1.46263
-1.09139, 1.56863, 1.37983
-1.19817, 1.56863, 1.2882
-1.29728, 1.56863, 1.18833
-1.3881, 1.56863, 1.08085
-1.47003, 1.56863, 0.966468
-1.54257, 1.56863, 0.8459
-1.60523, 1.56863, 0.719921
-1.65763, 1.56863, 0.589337
-1.69942, 1.56863, 0.454984
-1.73035, 1.56863, 0.31772
-1.75021, 1.56863, 0.178423
-1.75887, 1.56863, 0.0379855
-1.75628, 1.56863, -0.102695
-1.74245, 1.56863, -0.242719
-1.71748, 1.56863, -0.38119
-1.68153, 1.56863, -0.517223
-1.63482, 1.56863, -0.649947
-1.57765, 1.56863, -0.778514
-1.51039, 1.56863, -0.902101
-1.43346, 1.56863, -1.01992
-1.34737, 1.56863, -1.13121
-1.25266, 1.56863, -1.23527
-1.14994, 1.56863, -1.33142
-1.03986, 1.56863, -1.41906
-0.923134, 1.56863, -1.49762
-0.8005, 1.56863, -1.56661
-0.672745, 1.56863, -1.62557
-0.540687, 1.56863, -1.67413
-0.40517, 1.56863, -1.71198
-0.267061, 1.56863, -1.73889
-0.127245, 1.56863, -1.75467
0.013386, 1.56863, -1.75923
0.153931, 1.56863, -1.75253
0.293491, 1.56863, -1.73462
0.431175, 1.56863, -1.70562
0.5661, 1.56863, -1.66571
0.697404, 1.56863, -1.61514
0.824246, 1.56863, -1.55424
0.945817, 1.56863, -1.4834
1.06134, 1.56863, -1.40307
1.17007, 1.56863, -1.31377
1.27132, 1.56863, -1.21606
1.36443, 1.56863, -1.11058
1.44882, 1.56863, -0.997987
1.52394, 1.56863, -0.879013
1.58931, 1.56863, -0.754417
1.64452, 1.56863, -0.624995
1.6892, 1.56863, -0.491575
1.72309, 1.56863, -0.355011
1.74594, 1.56863, -0.216175
1.75764, 1.56863, -0.0759576
1.3741, 1.16466, 0
1.3697, 1.16466, 0.10981
1.35654, 1.16466, 0.218919
1.33471, 1.16466, 0.326626
1.30434, 1.16466, 0.432245
1.26563, 1.16466, 0.535098
1.21882, 1.16466, 0.634529
1.16421, 1.16466, 0.729901
1.10216, 1.16466, 0.820604
1.03305, 1.16466, 0.906058
0.957342, 1.16466, 0.985716
0.875507, 1.16466, 1.05907
0.788072, 1.16466, 1.12565
0.695595, 1.16466, 1.18503
0.598669, 1.16466, 1.23682
0.497914, 1.16466, 1.28071
0.393974, 1.16466, 1.31641
0.287514, 1.16466, 1.34368
0.179214, 1.16466, 1.36236
0.0697687, 1.16466, 1.37232
-0.0401233, 1.16466, 1.37351
-0.149759, 1.16466, 1.36591
-0.258436, 1.16466, 1.34957
-0.36546, 1.16466, 1.3246
-0.470147, 1.16466, 1.29116
-0.571826, 1.16466, 1.24946
-0.669848, 1.16466, 1.19977
-0.763584, 1.16466, 1.1424
-0.852437, 1.16466, 1.07773
-0.935836, 1.16466, 1.00616
-1.01325, 1.16466, 0.928151
-1.08418, 1.16466, 0.844209
-1.14818, 1.16466, 0.754867
-1.20483, 1.16466, 0.660697
-1.25378, 1.16466, 0.5623
-1.2947, 1.16466, 0.460306
-1.32735, 1.16466, 0.355368
-1.3515, 1.16466, 0.248157
-1.36701, 1.16466, 0.139359
-1.37378, 1.16466, 0.0296689
-1.37175, 1.16466, -0.0802108
-1.36096, 1.16466, -0.189577
-1.34145, 1.16466, -0.297731
-1.31337, 1.16466, -0.403981
-1.27688, 1.16466, -0.507646
-1.23223, 1.16466, -0.608064
-1.1797, 1.16466, -0.704593
-1.11962, 1.16466, -0.796615
-1.05238, 1.16466, -0.883541
-0.978403, 1.16466, -0.964815
-0.89817, 1.16466, -1.03992
-0.812193, 1.16466, -1.10837
-0.721021, 1.16466, -1.16973
-0.625236, 1.16466, -1.22361
-0.525452, 1.16466, -1.26966
-0.422307, 1.16466, -1.30759
-0.316461, 1.16466, -1.33716
-0.20859, 1.16466, -1.35817
-0.0993853, 1.16466, -1.3705
0.0104553, 1.16466, -1.37406
0.120229, 1.16466, -1.36883
0.229234, 1.16466, -1.35484
0.336772, 1.16466, -1.33219
0.442156, 1.16466, -1.30101
0.544712, 1.16466, -1.26152
0.643784, 1.16466, -1.21395
0.738737, 1.16466, -1.15862
0.828965, 1.16466, -1.09588
0.913891, 1.16466, -1.02613
0.992971, 1.16466, -0.949815
1.0657, 1.16466, -0.867424
1.13161, 1.16466, -0.779485
1.19028, 1.16466, -0.68656
1.24134, 1.16466, -0.589243
1.28446, 1.16466, -0.488157
1.31936, 1.16466, -0.383948
1.34583, 1.16466, -0.277284
1.36368, 1.16466, -0.168845
1.37281, 1.16466, -0.0593272
1.11556, 0.669976, 0
1.11199, 0.669976, 0.0891493
1.10131, 0.669976, 0.177728
1.08358, 0.669976, 0.26517
1.05892, 0.669976, 0.350916
1.02749, 0.669976, 0.434418
0.989492, 0.669976, 0.51514
0.94516, 0.669976, 0.592568
0.894782, 0.669976, 0.666205
0.838681, 0.669976, 0.73558
0.777215, 0.669976, 0.80025
0.710777, 0.669976, 0.859802
0.639793, 0.669976, 0.913854
0.564717, 0.669976, 0.96206
0.486028, 0.669976, 1.00411
0.40423, 0.669976, 1.03974
0.319847, 0.669976, 1.06872
0.233417, 0.669976, 1.09086
0.145495, 0.669976, 1.10603
0.0566415, 0.669976, 1.11412
-0.032574, 0.669976, 1.11508
-0.121581, 0.669976, 1.10891
-0.209811, 0.669976, 1.09565
-0.296698, 0.669976, 1.07538
-0.381687, 0.669976, 1.04823
-0.464235, 0.669976, 1.01437
-0.543814, 0.669976, 0.974028
-0.619913, 0.669976, 0.927454
-0.692048, 0.669976, 0.874948
-0.759756, 0.669976, 0.816845
-0.822604, 0.669976, 0.753517
-0.88019, 0.669976, 0.685368
-0.932146, 0.669976, 0.612836
-0.978139, 0.669976, 0.536384
-1.01788, 0.669976, 0.456501
-1.0511, 0.669976, 0.373698
-1.0776, 0.669976, 0.288505
-1.09721, 0.669976, 0.201466
-1.1098, 0.669976, 0.113138
-1.1153, 0.669976, 0.0240866
-1.11365, 0.669976, -0.0651188
-1.10489, 0.669976, -0.153908
-1.08905, 0.669976, -0.241712
-1.06625, 0.669976, -0.32797
-1.03664, 0.669976, -0.412131
-1.00038, 0.669976, -0.493655
-0.957734, 0.669976, -0.572021
-0.908958, 0.669976, -0.646729
-0.854368, 0.669976, -0.7173
-0.794313, 0.669976, -0.783282
-0.729177, 0.669976, -0.844254
-0.659377, 0.669976, -0.899826
-0.585358, 0.669976, -0.949642
-0.507596, 0.669976, -0.993383
-0.426587, 0.669976, -1.03077
-0.342849, 0.669976, -1.06156
-0.256918, 0.669976, -1.08557
-0.169343, 0.669976, -1.10263
-0.0806857, 0.669976, -1.11263
0.00848807, 0.669976, -1.11552
0.0976075, 0.669976, -1.11128
0.186103, 0.669976, -1.09992
0.273407, 0.669976, -1.08153
0.358963, 0.669976, -1.05622
0.442223, 0.669976, -1.02416
0.522654, 0.669976, -0.985544
0.599742, 0.669976, -0.940624
0.672993, 0.669976, -0.889688
0.74194, 0.669976, -0.83306
0.80614, 0.669976, -0.771104
0.865185, 0.669976, -0.704215
0.918695, 0.669976, -0.632822
0.966328, 0.669976, -0.557381
1.00778, 0.669976, -0.478375
1.04279, 0.669976, -0.396308
1.07112, 0.669976, -0.311707
1.09261, 0.669976, -0.225112
1.1071, 0.669976, -0.137077
1.11452, 0.669976, -0.0481646
1.00379, 0.123108, 0
1.00058, 0.123108, 0.0802178
0.990971, 0.123108, 0.159922
0.975022, 0.123108, 0.238604
0.952835, 0.123108, 0.31576
0.924554, 0.123108, 0.390895
0.890359, 0.123108, 0.463531
0.850468, 0.123108, 0.533201
0.805138, 0.123108, 0.59946
0.754657, 0.123108, 0.661885
0.699349, 0.123108, 0.720077
0.639568, 0.123108, 0.773662
0.575695, 0.123108, 0.822298
0.50814, 0.123108, 0.865675
0.437335, 0.123108, 0.903514
0.363732, 0.123108, 0.935574
0.287802, 0.123108, 0.961649
0.210032, 0.123108, 0.981573
0.130918, 0.123108, 0.995219
0.0509668, 0.123108, 1.0025
-0.0293105, 0.123108, 1.00336
-0.1094, 0.123108, 0.997813
-0.18879, 0.123108, 0.985879
-0.266973, 0.123108, 0.967639
-0.343448, 0.123108, 0.943209
-0.417726, 0.123108, 0.912746
-0.489331, 0.123108, 0.876444
-0.557807, 0.123108, 0.834536
-0.622715, 0.123108, 0.78729
-0.683639, 0.123108, 0.735008
-0.74019, 0.123108, 0.678025
-0.792007, 0.123108, 0.616704
-0.838758, 0.123108, 0.551439
-0.880143, 0.123108, 0.482646
-0.915899, 0.123108, 0.410766
-0.945796, 0.123108, 0.336259
-0.969643, 0.123108, 0.259601
-0.987287, 0.123108, 0.181282
-0.998617, 0.123108, 0.101803
-1.00356, 0.123108, 0.0216735
-1.00208, 0.123108, -0.0585949
-0.994193, 0.123108, -0.138488
-0.979946, 0.123108, -0.217496
-0.959431, 0.123108, -0.295112
-0.932779, 0.123108, -0.370841
-0.90016, 0.123108, -0.444198
-0.861783, 0.123108, -0.514713
-0.817894, 0.123108, -0.581936
-0.768773, 0.123108, -0.645436
-0.714734, 0.123108, -0.704808
-0.656124, 0.123108, -0.759672
-0.593316, 0.123108, -0.809676
-0.526714, 0.123108, -0.854501
-0.456742, 0.123108, -0.89386
-0.383849, 0.123108, -0.927502
-0.3085, 0.123108, -0.955211
-0.231178, 0.123108, -0.976809
-0.152378, 0.123108, -0.99216
-0.0726021, 0.123108, -1.00116
0.00763769, 0.123108, -1.00376
0.0878286, 0.123108, -0.999943
0.167458, 0.123108, -0.989726
0.246016, 0.123108, -0.973178
0.323, 0.123108, -0.950405
0.397918, 0.123108, -0.921553
0.470291, 0.123108, -0.886806
0.539656, 0.123108, -0.846387
0.605569, 0.123108, -0.800554
0.667608, 0.123108, -0.749599
0.725377, 0.123108, -0.69385
0.778505, 0.123108, -0.633663
0.826654, 0.123108, -0.569422
0.869516, 0.123108, -0.501539
0.906815, 0.123108, -0.430448
0.938314, 0.123108, -0.356604
0.963811, 0.123108, -0.280478
0.983143, 0.123108, -0.202559
0.996186, 0.123108, -0.123343
1.00286, 0.123108, -0.0433392
1.04751, -0.43335, 0
1.04416, -0.43335, 0.0837116
1.03413, -0.43335, 0.166888
1.01749, -0.43335, 0.248996
0.994336, -0.43335, 0.329512
0.964823, -0.43335, 0.407921
0.929138, -0.43335, 0.483719
0.88751, -0.43335, 0.556424
0.840205, -0.43335, 0.62557
0.787526, -0.43335, 0.690714
0.729809, -0.43335, 0.751439
0.667424, -0.43335, 0.807359
0.600769, -0.43335, 0.858113
0.530272, -0.43335, 0.903379
0.456383, -0.43335, 0.942866
0.379574, -0.43335, 0.976323
0.300338, -0.43335, 1.00353
0.21918, -0.43335, 1.02433
0.13662, -0.43335, 1.03856
0.0531867, -0.43335, 1.04616
-0.0305871, -0.43335, 1.04707
-0.114165, -0.43335, 1.04127
-0.197013, -0.43335, 1.02882
-0.278601, -0.43335, 1.00978
-0.358406, -0.43335, 0.98429
-0.435919, -0.43335, 0.9525
-0.510644, -0.43335, 0.914617
-0.582102, -0.43335, 0.870884
-0.649837, -0.43335, 0.82158
-0.713415, -0.43335, 0.767021
-0.772429, -0.43335, 0.707556
-0.826503, -0.43335, 0.643565
-0.87529, -0.43335, 0.575457
-0.918478, -0.43335, 0.503668
-0.95579, -0.43335, 0.428657
-0.986989, -0.43335, 0.350905
-1.01188, -0.43335, 0.270907
-1.03029, -0.43335, 0.189177
-1.04211, -0.43335, 0.106237
-1.04727, -0.43335, 0.0226174
-1.04573, -0.43335, -0.0611469
-1.0375, -0.43335, -0.14452
-1.02263, -0.43335, -0.226969
-1.00122, -0.43335, -0.307966
-0.973406, -0.43335, -0.386993
-0.939366, -0.43335, -0.463545
-0.899318, -0.43335, -0.537131
-0.853517, -0.43335, -0.607282
-0.802256, -0.43335, -0.673548
-0.745864, -0.43335, -0.735506
-0.684701, -0.43335, -0.792759
-0.619158, -0.43335, -0.844941
-0.549655, -0.43335, -0.891719
-0.476635, -0.43335, -0.932792
-0.400567, -0.43335, -0.967899
-0.321937, -0.43335, -0.996814
-0.241247, -0.43335, -1.01935
-0.159014, -0.43335, -1.03537
-0.0757643, -0.43335, -1.04477
0.00797034, -0.43335, -1.04748
0.091654, -0.43335, -1.04349
0.174751, -0.43335, -1.03283
0.256731, -0.43335, -1.01556
0.337068, -0.43335, -0.9918
0.41525, -0.43335, -0.961691
0.490775, -0.43335, -0.925431
0.56316, -0.43335, -0.883251
0.631944, -0.43335, -0.835421
0.696685, -0.43335, -0.782248
0.75697, -0.43335, -0.724071
0.812413, -0.43335, -0.661262
0.862659, -0.43335, -0.594223
0.907387, -0.43335, -0.523384
0.946311, -0.43335, -0.449196
0.979182, -0.43335, -0.372136
1.00579, -0.43335, -0.292695
1.02596, -0.43335, -0.211381
1.03957, -0.43335, -0.128716
1.04654, -0.43335, -0.0452268
1.24331, -0.956054, 0
1.23933, -0.956054, 0.0993587
1.22743, -0.956054, 0.198082
1.20767, -0.956054, 0.295538
1.18019, -0.956054, 0.391104
1.14516, -0.956054, 0.484168
1.10281, -0.956054, 0.574135
1.0534, -0.956054, 0.660429
0.997254, -0.956054, 0.742499
0.934727, -0.956054, 0.819819
0.866222, -0.956054, 0.891896
0.792176, -0.956054, 0.958267
0.713063, -0.956054, 1.01851
0.629389, -0.956054, 1.07224
0.541688, -0.956054, 1.1191
0.450523, -0.956054, 1.15881
0.356476, -0.956054, 1.19111
0.260148, -0.956054, 1.21579
0.162157, -0.956054, 1.23269
0.0631281, -0.956054, 1.24171
-0.0363044, -0.956054, 1.24278
-0.135505, -0.956054, 1.2359
-0.233838, -0.956054, 1.22112
-0.330676, -0.956054, 1.19853
-0.425399, -0.956054, 1.16827
-0.5174, -0.956054, 1.13054
-0.606092, -0.956054, 1.08557
-0.690907, -0.956054, 1.03367
-0.771302, -0.956054, 0.975148
-0.846764, -0.956054, 0.91039
-0.916809, -0.956054, 0.83981
-0.98099, -0.956054, 0.763858
-1.0389, -0.956054, 0.683019
-1.09016, -0.956054, 0.597812
-1.13444, -0.956054, 0.50878
-1.17147, -0.956054, 0.416494
-1.20101, -0.956054, 0.321544
-1.22287, -0.956054, 0.224538
-1.2369, -0.956054, 0.126095
-1.24302, -0.956054, 0.026845
-1.24119, -0.956054, -0.0725763
-1.23142, -0.956054, -0.171533
-1.21377, -0.956054, -0.269393
-1.18836, -0.956054, -0.36553
-1.15535, -0.956054, -0.459328
-1.11495, -0.956054, -0.550189
-1.06742, -0.956054, -0.63753
-1.01305, -0.956054, -0.720793
-0.952211, -0.956054, -0.799445
-0.885279, -0.956054, -0.872984
-0.812683, -0.956054, -0.940939
-0.734889, -0.956054, -1.00287
-0.652394, -0.956054, -1.0584
-0.565726, -0.956054, -1.10715
-0.47544, -0.956054, -1.14882
-0.382112, -0.956054, -1.18314
-0.28634, -0.956054, -1.20989
-0.188737, -0.956054, -1.2289
-0.0899259, -0.956054, -1.24005
0.00946013, -0.956054, -1.24327
0.108786, -0.956054, -1.23854
0.207415, -0.956054, -1.22589
0.304718, -0.956054, -1.20539
0.400072, -0.956054, -1.17718
0.492867, -0.956054, -1.14145
0.582509, -0.956054, -1.09841
0.668424, -0.956054, -1.04835
0.750065, -0.956054, -0.991576
0.826907, -0.956054, -0.928463
0.89846, -0.956054, -0.859412
0.964266, -0.956054, -0.784863
1.0239, -0.956054, -0.705294
1.07699, -0.956054, -0.621213
1.12319, -0.956054, -0.533159
1.16221, -0.956054, -0.441694
1.19379, -0.956054, -0.347404
1.21773, -0.956054, -0.250892
1.23389, -0.956054, -0.152775
1.24215, -0.956054, -0.0536805
1.57593, -1.40429, 0
1.57089, -1.40429, 0.12594
1.55581, -1.40429, 0.251075
1.53076, -1.40429, 0.374604
1.49593, -1.40429, 0.495736
1.45153, -1.40429, 0.613698
1.39785, -1.40429, 0.727734
1.33522, -1.40429, 0.837115
1.26405, -1.40429, 0.941141
1.1848, -1.40429, 1.03915
1.09796, -1.40429, 1.13051
1.00411, -1.40429, 1.21463
0.90383, -1.40429, 1.29099
0.79777, -1.40429, 1.35909
0.686607, -1.40429, 1.4185
0.571052, -1.40429, 1.46883
0.451844, -1.40429, 1.50977
0.329746, -1.40429, 1.54105
0.205539, -1.40429, 1.56247
0.0800169, -1.40429, 1.5739
-0.0460169, -1.40429, 1.57526
-0.171756, -1.40429, 1.56655
-0.296397, -1.40429, 1.54781
-0.419142, -1.40429, 1.51917
-0.539206, -1.40429, 1.48082
-0.655821, -1.40429, 1.43299
-0.76824, -1.40429, 1.376
-0.875746, -1.40429, 1.31021
-0.977649, -1.40429, 1.23603
-1.0733, -1.40429, 1.15395
-1.16208, -1.40429, 1.06449
-1.24344, -1.40429, 0.968213
-1.31683, -1.40429, 0.865748
-1.38181, -1.40429, 0.757745
-1.43794, -1.40429, 0.644895
-1.48488, -1.40429, 0.52792
-1.52232, -1.40429, 0.407568
-1.55002, -1.40429, 0.284609
-1.56781, -1.40429, 0.159829
-1.57557, -1.40429, 0.0340269
-1.57325, -1.40429, -0.0919928
-1.56086, -1.40429, -0.217424
-1.5385, -1.40429, -0.341464
-1.50629, -1.40429, -0.463321
-1.46444, -1.40429, -0.582213
-1.41323, -1.40429, -0.697382
-1.35298, -1.40429, -0.808089
-1.28408, -1.40429, -0.913628
-1.20696, -1.40429, -1.01332
-1.12212, -1.40429, -1.10653
-1.0301, -1.40429, -1.19267
-0.931495, -1.40429, -1.27118
-0.82693, -1.40429, -1.34155
-0.717076, -1.40429, -1.40334
-0.602635, -1.40429, -1.45616
-0.484339, -1.40429, -1.49966
-0.362945, -1.40429, -1.53357
-0.23923, -1.40429, -1.55767
-0.113984, -1.40429, -1.57181
0.011991, -1.40429, -1.57589
0.137889, -1.40429, -1.56989
0.262905, -1.40429, -1.55385
0.38624, -1.40429, -1.52787
0.507104, -1.40429, -1.49212
0.624724, -1.40429, -1.44682
0.738348, -1.40429, -1.39227
0.847249, -1.40429, -1.32881
0.950731, -1.40429, -1.25685
1.04813, -1.40429, -1.17686
1.13883, -1.40429, -1.08933
1.22224, -1.40429, -0.994838
1.29783, -1.40429, -0.893982
1.36512, -1.40429, -0.787407
1.42368, -1.40429, -0.675795
1.47313, -1.40429, -0.559861
1.51316, -1.40429, -0.440346
1.54351, -1.40429, -0.318013
1.56399, -1.40429, -0.193647
1.57446, -1.40429, -0.0680417
2.01948, -1.74315, 0
2.01302, -1.74315, 0.161386
1.99368, -1.74315, 0.32174
1.9616, -1.74315, 0.480035
1.91696, -1.74315, 0.63526
1.86006, -1.74315, 0.786422
1.79127, -1.74315, 0.932553
1.71101, -1.74315, 1.07272
1.61981, -1.74315, 1.20602
1.51826, -1.74315, 1.33161
1.40698, -1.74315, 1.44868
1.28671, -1.74315, 1.55649
1.15821, -1.74315, 1.65434
1.0223, -1.74315, 1.74161
0.879851, -1.74315, 1.81773
0.731773, -1.74315, 1.88223
0.579015, -1.74315, 1.93469
0.422553, -1.74315, 1.97478
0.263387, -1.74315, 2.00223
0.102538, -1.74315, 2.01687
-0.0589683, -1.74315, 2.01862
-0.220097, -1.74315, 2.00745
-0.379818, -1.74315, 1.98344
-0.537109, -1.74315, 1.94674
-0.690965, -1.74315, 1.89759
-0.8404, -1.74315, 1.83631
-0.98446, -1.74315, 1.76327
-1.12222, -1.74315, 1.67896
-1.25281, -1.74315, 1.58391
-1.37538, -1.74315, 1.47873
-1.48915, -1.74315, 1.36408
-1.5934, -1.74315, 1.24072
-1.68745, -1.74315, 1.10941
-1.77071, -1.74315, 0.971011
-1.84265, -1.74315, 0.826399
-1.9028, -1.74315, 0.676502
-1.95077, -1.74315, 0.522277
-1.98627, -1.74315, 0.364711
-2.00907, -1.74315, 0.204812
-2.01901, -1.74315, 0.0436037
-2.01603, -1.74315, -0.117884
-2.00017, -1.74315, -0.278618
-1.9715, -1.74315, -0.437569
-1.93023, -1.74315, -0.593721
-1.87661, -1.74315, -0.746076
-1.81098, -1.74315, -0.893658
-1.73378, -1.74315, -1.03552
-1.64548, -1.74315, -1.17077
-1.54665, -1.74315, -1.29852
-1.43794, -1.74315, -1.41797
-1.32002, -1.74315, -1.52834
-1.19366, -1.74315, -1.62894
-1.05967, -1.74315, -1.71913
-0.918896, -1.74315, -1.79831
-0.772245, -1.74315, -1.86599
-0.620655, -1.74315, -1.92174
-0.465095, -1.74315, -1.96519
-0.30656, -1.74315, -1.99607
-0.146064, -1.74315, -2.01419
0.0153659, -1.74315, -2.01942
0.176698, -1.74315, -2.01173
0.3369, -1.74315, -1.99118
0.494946, -1.74315, -1.95789
0.649827, -1.74315, -1.91207
0.800551, -1.74315, -1.85403
0.946155, -1.74315, -1.78412
1.08571, -1.74315, -1.7028
1.21831, -1.74315, -1.61059
1.34313, -1.74315, -1.50808
1.45935, -1.74315, -1.39592
1.56623, -1.74315, -1.27483
1.6631, -1.74315, -1.14559
1.74933, -1.74315, -1.00902
1.82437, -1.74315, -0.865997
1.88775, -1.74315, -0.717433
1.93904, -1.74315, -0.56428
1.97793, -1.74315, -0.407517
2.00417, -1.74315, -0.248148
2.01759, -1.74315, -0.0871919
2.53939, -1.94624, 0
2.53127, -1.94624, 0.202935
2.50696, -1.94624, 0.404572
2.46661, -1.94624, 0.603621
2.41048, -1.94624, 0.798808
2.33894, -1.94624, 0.988887
2.25243, -1.94624, 1.17264
2.15151, -1.94624, 1.34889
2.03684, -1.94624, 1.51651
1.90913, -1.94624, 1.67444
1.76921, -1.94624, 1.82165
1.61798, -1.94624, 1.95721
1.45639, -1.94624, 2.08025
1.28549, -1.94624, 2.18998
1.10637, -1.94624, 2.28571
0.920169, -1.94624, 2.36681
0.728083, -1.94624, 2.43278
0.531339, -1.94624, 2.48318
0.331197, -1.94624, 2.5177
0.128936, -1.94624, 2.53612
-0.0741498, -1.94624, 2.53831
-0.276761, -1.94624, 2.52427
-0.477602, -1.94624, 2.49408
-0.675388, -1.94624, 2.44793
-0.868854, -1.94624, 2.38613
-1.05676, -1.94624, 2.30906
-1.23791, -1.94624, 2.21723
-1.41114, -1.94624, 2.11121
-1.57534, -1.94624, 1.99169
-1.72947, -1.94624, 1.85942
-1.87253, -1.94624, 1.71527
-2.00362, -1.94624, 1.56014
-2.12189, -1.94624, 1.39503
-2.22659, -1.94624, 1.221
-2.31704, -1.94624, 1.03916
-2.39267, -1.94624, 0.850668
-2.453, -1.94624, 0.656737
-2.49764, -1.94624, 0.458606
-2.5263, -1.94624, 0.257542
-2.5388, -1.94624, 0.0548295
-2.53506, -1.94624, -0.148233
-2.51511, -1.94624, -0.350348
-2.47907, -1.94624, -0.550221
-2.42717, -1.94624, -0.746575
-2.35974, -1.94624, -0.938154
-2.27722, -1.94624, -1.12373
-2.18014, -1.94624, -1.30212
-2.06911, -1.94624, -1.47218
-1.94484, -1.94624, -1.63282
-1.80813, -1.94624, -1.78302
-1.65986, -1.94624, -1.92182
-1.50097, -1.94624, -2.04832
-1.33248, -1.94624, -2.16172
-1.15547, -1.94624, -2.26129
-0.971061, -1.94624, -2.34639
-0.780444, -1.94624, -2.41649
-0.584835, -1.94624, -2.47113
-0.385485, -1.94624, -2.50996
-0.183669, -1.94624, -2.53274
0.0193218, -1.94624, -2.53932
0.222189, -1.94624, -2.52965
0.423635, -1.94624, -2.50381
0.622371, -1.94624, -2.46195
0.817126, -1.94624, -2.40434
1.00665, -1.94624, -2.33135
1.18974, -1.94624, -2.24344
1.36522, -1.94624, -2.14119
1.53197, -1.94624, -2.02524
1.68891, -1.94624, -1.89634
1.83506, -1.94624, -1.7553
1.96946, -1.94624, -1.60304
2.09127, -1.94624, -1.44052
2.1997, -1.94624, -1.26879
2.29406, -1.94624, -1.08895
2.37375, -1.94624, -0.902137
2.43825, -1.94624, -0.709554
2.48715, -1.94624, -0.512433
2.52015, -1.94624, -0.312034
2.53703, -1.94624, -0.109639
3.09519, -1.99773, 0
3.08529, -1.99773, 0.247351
3.05565, -1.99773, 0.49312
3.00647, -1.99773, 0.735734
2.93806, -1.99773, 0.973642
2.85086, -1.99773, 1.20532
2.74541, -1.99773, 1.42929
2.62241, -1.99773, 1.64412
2.48264, -1.99773, 1.84843
2.32698, -1.99773, 2.04092
2.15644, -1.99773, 2.22035
1.9721, -1.99773, 2.38558
1.77515, -1.99773, 2.53555
1.56685, -1.99773, 2.6693
1.34852, -1.99773, 2.78598
1.12156, -1.99773, 2.88483
0.887437, -1.99773, 2.96524
0.647632, -1.99773, 3.02667
0.403685, -1.99773, 3.06875
0.157156, -1.99773, 3.09119
-0.0903788, -1.99773, 3.09387
-0.337335, -1.99773, 3.07675
-0.582134, -1.99773, 3.03995
-0.823209, -1.99773, 2.98371
-1.05902, -1.99773, 2.90838
-1.28805, -1.99773, 2.81444
-1.50885, -1.99773, 2.70251
-1.71999, -1.99773, 2.57329
-1.92014, -1.99773, 2.4276
-2.108, -1.99773, 2.26639
-2.28237, -1.99773, 2.09068
-2.44215, -1.99773, 1.9016
-2.5863, -1.99773, 1.70036
-2.71391, -1.99773, 1.48824
-2.82417, -1.99773, 1.26659
-2.91635, -1.99773, 1.03685
-2.98989, -1.99773, 0.800476
-3.04429, -1.99773, 0.55898
-3.07923, -1.99773, 0.313909
-3.09447, -1.99773, 0.0668299
-3.08991, -1.99773, -0.180677
-3.06559, -1.99773, -0.427028
-3.02166, -1.99773, -0.670647
-2.9584, -1.99773, -0.909977
-2.87622, -1.99773, -1.14349
-2.77564, -1.99773, -1.36968
-2.6573, -1.99773, -1.58711
-2.52197, -1.99773, -1.79439
-2.3705, -1.99773, -1.9902
-2.20388, -1.99773, -2.17327
-2.02315, -1.99773, -2.34244
-1.82949, -1.99773, -2.49663
-1.62412, -1.99773, -2.63485
-1.40836, -1.99773, -2.75621
-1.18359, -1.99773, -2.85994
-0.951258, -1.99773, -2.94538
-0.712836, -1.99773, -3.01198
-0.469855, -1.99773, -3.05932
-0.223868, -1.99773, -3.08708
0.0235507, -1.99773, -3.0951
0.270819, -1.99773, -3.08332
0.516355, -1.99773, -3.05181
0.758588, -1.99773, -3.00079
0.995968, -1.99773, -2.93057
1.22698, -1.99773, -2.8416
1.45014, -1.99773, -2.73446
1.66402, -1.99773, -2.60983
1.86727, -1.99773, -2.4685
2.05856, -1.99773, -2.31138
2.23669, -1.99773, -2.13948
2.40052, -1.99773, -1.95389
2.54898, -1.99773, -1.75581
2.68114, -1.99773, -1.54649
2.79616, -1.99773, -1.32728
2.89328, -1.99773, -1.09959
2.9719, -1.99773, -0.864853
3.03151, -1.99773, -0.624588
3.07173, -1.99773, -0.380329
3.0923, -1.99773, -0.133636
3.64356, -1.89363, 0
3.63191, -1.89363, 0.291174
3.59703, -1.89363, 0.580486
3.53913, -1.89363, 0.866085
3.4586, -1.89363, 1.14614
3.35595, -1.89363, 1.41887
3.23182, -1.89363, 1.68252
3.08703, -1.89363, 1.93541
2.92249, -1.89363, 2.17592
2.73925, -1.89363, 2.40251
2.5385, -1.89363, 2.61373
2.3215, -1.89363, 2.80824
2.08966, -1.89363, 2.98478
1.84445, -1.89363, 3.14223
1.58744, -1.89363, 3.27957
1.32027, -1.89363, 3.39594
1.04467, -1.89363, 3.49059
0.762374, -1.89363, 3.56291
0.475207, -1.89363, 3.61244
0.184999, -1.89363, 3.63887
-0.106391, -1.89363, 3.64201
-0.397101, -1.89363, 3.62186
-0.685271, -1.89363, 3.57854
-0.969058, -1.89363, 3.51233
-1.24665, -1.89363, 3.42366
-1.51626, -1.89363, 3.31308
-1.77617, -1.89363, 3.18132
-2.02473, -1.89363, 3.0292
-2.26033, -1.89363, 2.85771
-2.48147, -1.89363, 2.66793
-2.68674, -1.89363, 2.46109
-2.87483, -1.89363, 2.23851
-3.04452, -1.89363, 2.00161
-3.19474, -1.89363, 1.75191
-3.32453, -1.89363, 1.491
-3.43305, -1.89363, 1.22055
-3.51961, -1.89363, 0.942298
-3.58365, -1.89363, 0.658016
-3.62478, -1.89363, 0.369525
-3.64272, -1.89363, 0.0786703
-3.63735, -1.89363, -0.212688
-3.60872, -1.89363, -0.502685
-3.55701, -1.89363, -0.789467
-3.48254, -1.89363, -1.0712
-3.3858, -1.89363, -1.34608
-3.2674, -1.89363, -1.61235
-3.1281, -1.89363, -1.8683
-2.96879, -1.89363, -2.11231
-2.79049, -1.89363, -2.3428
-2.59434, -1.89363, -2.55831
-2.3816, -1.89363, -2.75746
-2.15362, -1.89363, -2.93896
-1.91187, -1.89363, -3.10167
-1.65788, -1.89363, -3.24453
-1.39329, -1.89363, -3.36664
-1.11979, -1.89363, -3.46722
-0.83913, -1.89363, -3.54562
-0.5531, -1.89363, -3.60134
-0.263531, -1.89363, -3.63402
0.0277233, -1.89363, -3.64346
0.3188, -1.89363, -3.62959
0.607838, -1.89363, -3.59251
0.892988, -1.89363, -3.53244
1.17243, -1.89363, -3.44978
1.44436, -1.89363, -3.34505
1.70706, -1.89363, -3.21893
1.95884, -1.89363, -3.07221
2.19809, -1.89363, -2.90585
2.42328, -1.89363, -2.7209
2.63297, -1.89363, -2.51854
2.82582, -1.89363, -2.30007
3.00059, -1.89363, -2.06689
3.15617, -1.89363, -1.82049
3.29156, -1.89363, -1.56244
3.40589, -1.89363, -1.2944
3.49844, -1.89363, -1.01808
3.56861, -1.89363, -0.735248
3.61595, -1.89363, -0.447712
3.64017, -1.89363, -0.157313
4.14182, -1.64203, 0
4.12857, -1.64203, 0.330992
4.08891, -1.64203, 0.659867
4.0231, -1.64203, 0.984521
3.93156, -1.64203, 1.30288
3.81487, -1.64203, 1.6129
3.67377, -1.64203, 1.9126
3.50918, -1.64203, 2.20008
3.32213, -1.64203, 2.47347
3.11384, -1.64203, 2.73105
2.88563, -1.64203, 2.97116
2.63896, -1.64203, 3.19226
2.37541, -1.64203, 3.39294
2.09667, -1.64203, 3.57192
1.80452, -1.64203, 3.72805
1.50082, -1.64203, 3.86033
1.18752, -1.64203, 3.96793
0.866628, -1.64203, 4.05014
0.54019, -1.64203, 4.10644
0.210298, -1.64203, 4.13647
-0.12094, -1.64203, 4.14005
-0.451404, -1.64203, 4.11714
-0.778981, -1.64203, 4.0679
-1.10158, -1.64203, 3.99264
-1.41712, -1.64203, 3.89184
-1.72361, -1.64203, 3.76614
-2.01906, -1.64203, 3.61636
-2.3016, -1.64203, 3.44344
-2.56942, -1.64203, 3.24849
-2.82081, -1.64203, 3.03277
-3.05415, -1.64203, 2.79764
-3.26795, -1.64203, 2.54463
-3.46086, -1.64203, 2.27533
-3.63162, -1.64203, 1.99148
-3.77915, -1.64203, 1.69489
-3.90251, -1.64203, 1.38746
-4.00091, -1.64203, 1.07116
-4.07371, -1.64203, 0.747998
-4.12046, -1.64203, 0.420057
-4.14085, -1.64203, 0.0894283
-4.13475, -1.64203, -0.241772
-4.10221, -1.64203, -0.571426
-4.04342, -1.64203, -0.897425
-3.95877, -1.64203, -1.21768
-3.8488, -1.64203, -1.53015
-3.71421, -1.64203, -1.83283
-3.55586, -1.64203, -2.12379
-3.37477, -1.64203, -2.40117
-3.17209, -1.64203, -2.66318
-2.94911, -1.64203, -2.90816
-2.70728, -1.64203, -3.13453
-2.44812, -1.64203, -3.34086
-2.17331, -1.64203, -3.52582
-1.88459, -1.64203, -3.68822
-1.58382, -1.64203, -3.82703
-1.27292, -1.64203, -3.94136
-0.95388, -1.64203, -4.03048
-0.628735, -1.64203, -4.09382
-0.299569, -1.64203, -4.13097
0.0315144, -1.64203, -4.1417
0.362396, -1.64203, -4.12593
0.690959, -1.64203, -4.08378
1.0151, -1.64203, -4.0155
1.33275, -1.64203, -3.92153
1.64188, -1.64203, -3.80248
1.9405, -1.64203, -3.65911
2.22671, -1.64203, -3.49233
2.49868, -1.64203, -3.30322
2.75466, -1.64203, -3.09297
2.99303, -1.64203, -2.86294
3.21224, -1.64203, -2.6146
3.41091, -1.64203, -2.34953
3.58777, -1.64203, -2.06944
3.74167, -1.64203, -1.7761
3.87164, -1.64203, -1.47141
3.97685, -1.64203, -1.1573
4.05661, -1.64203, -0.835792
4.11043, -1.64203, -0.508936
4.13795, -1.64203, -0.178825
4.55113, -1.26253, 0
4.53658, -1.26253, 0.363702
4.493, -1.26253, 0.725078
4.42069, -1.26253, 1.08182
4.3201, -1.26253, 1.43163
4.19187, -1.26253, 1.77229
4.03683, -1.26253, 2.10162
3.85597, -1.26253, 2.4175
3.65044, -1.26253, 2.71792
3.42157, -1.26253, 3.00095
3.1708, -1.26253, 3.26478
2.89976, -1.26253, 3.50773
2.61017, -1.26253, 3.72825
2.30388, -1.26253, 3.92492
1.98285, -1.26253, 4.09648
1.64914, -1.26253, 4.24183
1.30488, -1.26253, 4.36006
0.952272, -1.26253, 4.45039
0.593575, -1.26253, 4.51226
0.23108, -1.26253, 4.54526
-0.132892, -1.26253, 4.54919
-0.496015, -1.26253, 4.52402
-0.855964, -1.26253, 4.46991
-1.21044, -1.26253, 4.38721
-1.55717, -1.26253, 4.27645
-1.89394, -1.26253, 4.13833
-2.2186, -1.26253, 3.97374
-2.52906, -1.26253, 3.78374
-2.82335, -1.26253, 3.56953
-3.09958, -1.26253, 3.33248
-3.35598, -1.26253, 3.07412
-3.59091, -1.26253, 2.7961
-3.80288, -1.26253, 2.50019
-3.99051, -1.26253, 2.18829
-4.15263, -1.26253, 1.86239
-4.28818, -1.26253, 1.52458
-4.3963, -1.26253, 1.17701
-4.4763, -1.26253, 0.82192
-4.52767, -1.26253, 0.461569
-4.55007, -1.26253, 0.0982661
-4.54337, -1.26253, -0.265665
-4.50761, -1.26253, -0.627898
-4.44302, -1.26253, -0.986113
-4.35, -1.26253, -1.33802
-4.22916, -1.26253, -1.68137
-4.08127, -1.26253, -2.01397
-3.90727, -1.26253, -2.33368
-3.70828, -1.26253, -2.63846
-3.48557, -1.26253, -2.92637
-3.24056, -1.26253, -3.19556
-2.97482, -1.26253, -3.4443
-2.69006, -1.26253, -3.67102
-2.38809, -1.26253, -3.87425
-2.07084, -1.26253, -4.05271
-1.74035, -1.26253, -4.20524
-1.39872, -1.26253, -4.33086
-1.04815, -1.26253, -4.42879
-0.69087, -1.26253, -4.49839
-0.329173, -1.26253, -4.53921
0.0346288, -1.26253, -4.551
0.39821, -1.26253, -4.53368
0.759243, -1.26253, -4.48736
1.11542, -1.26253, -4.41233
1.46446, -1.26253, -4.30908
1.80414, -1.26253, -4.17827
2.13227, -1.26253, -4.02072
2.44677, -1.26253, -3.83747
2.74561, -1.26253, -3.62966
3.02689, -1.26253, -3.39864
3.28881, -1.26253, -3.14587
3.52969, -1.26253, -2.87299
3.748, -1.26253, -2.58173
3.94233, -1.26253, -2.27395
4.11144, -1.26253, -1.95163
4.25426, -1.26253, -1.61682
4.36986, -1.26253, -1.27167
4.45751, -1.26253, -0.918389
4.51664, -1.26253, -0.559232
4.54689, -1.26253, -0.196497
4.83963, -0.784698, 0
4.82415, -0.784698, 0.386758
4.77782, -0.784698, 0.771042
4.70092, -0.784698, 1.15039
4.59395, -0.784698, 1.52239
4.4576, -0.784698, 1.88464
4.29273, -0.784698, 2.23484
4.1004, -0.784698, 2.57075
3.88185, -0.784698, 2.89021
3.63846, -0.784698, 3.19118
3.3718, -0.784698, 3.47174
3.08358, -0.784698, 3.73009
2.77563, -0.784698, 3.96459
2.44992, -0.784698, 4.17372
2.10854, -0.784698, 4.35616
1.75368, -0.784698, 4.51073
1.3876, -0.784698, 4.63644
1.01264, -0.784698, 4.73251
0.631202, -0.784698, 4.79829
0.245729, -0.784698, 4.83339
-0.141316, -0.784698, 4.83757
-0.527457, -0.784698, 4.8108
-0.910224, -0.784698, 4.75327
-1.28717, -0.784698, 4.66532
-1.65588, -0.784698, 4.54754
-2.014, -0.784698, 4.40066
-2.35924, -0.784698, 4.22564
-2.68938, -0.784698, 4.02359
-3.00232, -0.784698, 3.7958
-3.29606, -0.784698, 3.54373
-3.56872, -0.784698, 3.26899
-3.81854, -0.784698, 2.97335
-4.04394, -0.784698, 2.65868
-4.24348, -0.784698, 2.32701
-4.41587, -0.784698, 1.98045
-4.56001, -0.784698, 1.62122
-4.67498, -0.784698, 1.25162
-4.76006, -0.784698, 0.874022
-4.81468, -0.784698, 0.490828
-4.8385, -0.784698, 0.104495
-4.83138, -0.784698, -0.282506
-4.79335, -0.784698, -0.667701
-4.72466, -0.784698, -1.04862
-4.62575, -0.784698, -1.42284
-4.49725, -0.784698, -1.78795
-4.33998, -0.784698, -2.14163
-4.15496, -0.784698, -2.48161
-3.94335, -0.784698, -2.80572
-3.70652, -0.784698, -3.11187
-3.44598, -0.784698, -3.39813
-3.1634, -0.784698, -3.66264
-2.86058, -0.784698, -3.90373
-2.53947, -0.784698, -4.11985
-2.20211, -0.784698, -4.30961
-1.85067, -0.784698, -4.47181
-1.48739, -0.784698, -4.6054
-1.11459, -0.784698, -4.70954
-0.734665, -0.784698, -4.78355
-0.35004, -0.784698, -4.82696
0.0368239, -0.784698, -4.83949
0.423452, -0.784698, -4.82107
0.807372, -0.784698, -4.77181
1.18613, -0.784698, -4.69203
1.5573, -0.784698, -4.58223
1.9185, -0.784698, -4.44313
2.26744, -0.784698, -4.2756
2.60187, -0.784698, -4.08073
2.91966, -0.784698, -3.85975
3.21877, -0.784698, -3.61408
3.49729, -0.784698, -3.34529
3.75344, -0.784698, -3.05511
3.98559, -0.784698, -2.74538
4.19224, -0.784698, -2.4181
4.37207, -0.784698, -2.07534
4.52394, -0.784698, -1.71931
4.64687, -0.784698, -1.35228
4.74007, -0.784698, -0.976606
4.80296, -0.784698, -0.594682
4.83512, -0.784698, -0.208953
4.98485, -0.245745, 0
4.9689, -0.245745, 0.398362
4.92118, -0.245745, 0.794177
4.84197, -0.245745, 1.18491
4.73179, -0.245745, 1.56807
4.59135, -0.245745, 1.94119
4.42153, -0.245745, 2.3019
4.22344, -0.245745, 2.64788
3.99832, -0.245745, 2.97693
3.74764, -0.245745, 3.28693
3.47298, -0.245745, 3.57591
3.1761, -0.245745, 3.84201
2.85891, -0.245745, 4.08354
2.52343, -0.245745, 4.29895
2.17181, -0.245745, 4.48686
1.8063, -0.245745, 4.64607
1.42923, -0.245745, 4.77556
1.04302, -0.245745, 4.8745
0.650141, -0.245745, 4.94227
0.253102, -0.245745, 4.97842
-0.145556, -0.245745, 4.98272
-0.543284, -0.245745, 4.95515
-0.937536, -0.245745, 4.89589
-1.32579, -0.245745, 4.80531
-1.70557, -0.245745, 4.68399
-2.07443, -0.245745, 4.53271
-2.43002, -0.245745, 4.35243
-2.77008, -0.245745, 4.14432
-3.09241, -0.245745, 3.90969
-3.39496, -0.245745, 3.65006
-3.67579, -0.245745, 3.36708
-3.93312, -0.245745, 3.06256
-4.16528, -0.245745, 2.73845
-4.3708, -0.245745, 2.39683
-4.54836, -0.245745, 2.03987
-4.69683, -0.245745, 1.66987
-4.81526, -0.245745, 1.28918
-4.90288, -0.245745, 0.900247
-4.95914, -0.245745, 0.505556
-4.98368, -0.245745, 0.107631
-4.97635, -0.245745, -0.290983
-4.93718, -0.245745, -0.687735
-4.86643, -0.245745, -1.08009
-4.76455, -0.245745, -1.46553
-4.63219, -0.245745, -1.8416
-4.4702, -0.245745, -2.20589
-4.27962, -0.245745, -2.55607
-4.06167, -0.245745, -2.8899
-3.81773, -0.245745, -3.20524
-3.54938, -0.245745, -3.50009
-3.25832, -0.245745, -3.77254
-2.94642, -0.245745, -4.02086
-2.61567, -0.245745, -4.24346
-2.26819, -0.245745, -4.43892
-1.9062, -0.245745, -4.60598
-1.53202, -0.245745, -4.74359
-1.14803, -0.245745, -4.85085
-0.756708, -0.245745, -4.92708
-0.360543, -0.245745, -4.97179
0.0379288, -0.245745, -4.9847
0.436158, -0.245745, -4.96573
0.831597, -0.245745, -4.91499
1.22172, -0.245745, -4.83281
1.60402, -0.245745, -4.71972
1.97607, -0.245745, -4.57644
2.33547, -0.245745, -4.40389
2.67994, -0.245745, -4.20317
3.00726, -0.245745, -3.97556
3.31535, -0.245745, -3.72252
3.60223, -0.245745, -3.44567
3.86607, -0.245745, -3.14678
4.10518, -0.245745, -2.82776
4.31802, -0.245745, -2.49065
4.50325, -0.245745, -2.13761
4.65968, -0.245745, -1.7709
4.7863, -0.245745, -1.39286
4.8823, -0.245745, -1.00591
4.94707, -0.245745, -0.612525
4.9802, -0.245745, -0.215223
